{
  "pattern": [
	[-6518141, -6518141, -6518141, -7438470, -7438470, -7438470, -8229518, -8229518, -8229518],
	[-6518141, -3950175, -3950175, -3950175, -7438470, -3950175, -3950175, -3950175, -8229518],
	[-6518141, -3950175, -2303552, -5661817, -7438470, -3950175, -2303552, -5661817, -8229518],
	[-7438470, -3950175, -5661817, -5661817, -8229518, -3950175, -5661817, -5661817, -8494469],
	[-7438470, -7438470, -7438470, -8229518, -8229518, -8229518, -9481876, -8494469, -8494469],
	[-7438470, -3950175, -3950175, -3950175, -8229518, -3950175, -3950175, -3950175, -8494469],
	[-8229518, -3950175, -2303552, -5661817, -9481876, -3950175, -2303552, -5661817, -9481876],
	[-8229518, -3950175, -5661817, -5661817, -8494469, -3950175, -5661817, -5661817, -9481876],
	[-8229518, -8229518, -8229518, -8494469, -8494469, -8494469, -9481876, -9481876, -9481876]
  ],
  "item": "minecraft:phantom_membrane"
}